0 0.6046875 0.57890625 0.08984375 0.0328125
0 0.60234375 0.71796875 0.05625 0.03125
0 0.8078125 0.546875 0.096875 0.03359375
0 0.8125 0.59296875 0.11640625 0.04140625
0 0.83046875 0.6984375 0.14453125 0.03671875
0 0.21875 0.540625 0.09609375 0.0296875
0 0.321875 0.72265625 0.0640625 0.0609375
0 0.3203125 0.65546875 0.0234375 0.05546875
0 0.2 0.590625 0.0828125 0.046875
0 0.14296875 0.69921875 0.08203125 0.0328125
0 0.31328125 0.60234375 0.0859375 0.0515625
0 0.60859375 0.690625 0.1265625 0.31875