0 0.21640625 0.271875 0.14140625 0.103125
0 0.14296875 0.60234375 0.04453125 0.08203125
0 0.271875 0.60390625 0.053125 0.1484375
0 0.4859375 0.6046875 0.165625 0.1125
0 0.6265625 0.6421875 0.06171875 0.11015625
0 0.77734375 0.64140625 0.08046875 0.13359375
0 0.915625 0.61171875 0.10234375 0.06796875
0 0.69453125 0.21015625 0.1921875 0.10234375
0 0.47734375 0.2421875 0.15 0.10234375
0 0.95 0.18046875 0.1 0.0765625
0 0.48515625 0.38125 0.159375 0.11640625
0 0.24765625 0.39296875 0.05859375 0.08828125
0 0.64140625 0.36640625 0.06484375 0.1125
0 0.946875 0.34375 0.0859375 0.10546875
0 0.81953125 0.4484375 0.096875 0.29609375