0 0.2015625 0.2921875 0.1484375 0.1125
0 0.15078125 0.62734375 0.05 0.084375
0 0.2796875 0.61953125 0.0640625 0.1515625
0 0.49296875 0.60546875 0.1734375 0.1234375
0 0.6359375 0.6328125 0.06875 0.1140625
0 0.78671875 0.621875 0.0890625 0.1390625
0 0.92265625 0.5828125 0.10625 0.075
0 0.67421875 0.19765625 0.1984375 0.115625
0 0.459375 0.24453125 0.15625 0.1125
0 0.9265625 0.15 0.1046875 0.0828125
0 0.4765625 0.3828125 0.1671875 0.1265625
0 0.240625 0.4109375 0.0640625 0.0921875
0 0.63203125 0.35703125 0.071875 0.1171875
0 0.93515625 0.31328125 0.09375 0.1109375
0 0.81484375 0.4265625 0.1171875 0.3015625