0 0.7625 0.24765625 0.15 0.115625
0 0.86484375 0.57109375 0.0515625 0.0859375
0 0.7359375 0.58359375 0.065625 0.153125
0 0.5234375 0.603125 0.175 0.1265625
0 0.3859375 0.65234375 0.0703125 0.115625
0 0.2359375 0.66484375 0.0921875 0.140625
0 0.0953125 0.64765625 0.1078125 0.0765625
0 0.28125 0.228125 0.2 0.11875
0 0.5 0.24140625 0.1578125 0.115625
0 0.03828125 0.2203125 0.0765625 0.084375
0 0.5046875 0.38046875 0.16875 0.1296875
0 0.7421875 0.37109375 0.065625 0.09375
0 0.34765625 0.37890625 0.075 0.1171875
0 0.04453125 0.3828125 0.0890625 0.1125
0 0.17734375 0.4765625 0.121875 0.303125